1403636589.863555431 -0.09607 0.34562 0.00770 0.90921 0.03552 0.41218 -0.04668
1403636589.963555574 -0.10460 0.37814 0.00340 0.91085 0.04133 0.40712 -0.05377
1403636590.063555479 -0.11155 0.40351 0.00148 0.90914 0.04622 0.40952 -0.06023
1403636590.163555384 -0.11664 0.41933 0.00225 0.90584 0.04967 0.41558 -0.06548
1403636590.463555574 -0.11958 0.39307 0.00894 0.90607 0.04854 0.41647 -0.05683
1403636590.563555479 -0.11736 0.36229 0.01286 0.90520 0.04577 0.41949 -0.05045
1403636590.663555384 -0.11332 0.32501 0.01609 0.90441 0.04229 0.42210 -0.04571
1403636590.763555527 -0.10752 0.28358 0.01698 0.90541 0.03748 0.42080 -0.04200
1403636590.863555431 -0.09971 0.23947 0.01481 0.90799 0.03297 0.41554 -0.04239
1403636590.963555574 -0.09072 0.19254 0.01220 0.90973 0.03002 0.41210 -0.04074
1403636591.063555479 -0.08054 0.14678 0.00945 0.90938 0.02952 0.41280 -0.04197
1403636591.163555384 -0.06985 0.10354 0.00728 0.90913 0.02795 0.41322 -0.04415
1403636591.263555527 -0.05995 0.06429 0.00412 0.91005 0.02555 0.41138 -0.04390
1403636591.363555431 -0.05128 0.03176 -0.00157 0.91136 0.02206 0.40893 -0.04127
1403636591.463555574 -0.04379 0.00861 -0.00974 0.91175 0.01790 0.40839 -0.04010
1403636591.563555479 -0.03479 -0.00951 -0.01847 0.91001 0.01242 0.41303 -0.03376
1403636591.663555384 -0.02494 -0.02235 -0.02602 0.90363 0.00219 0.42768 -0.02323
1403636591.763555527 -0.01647 -0.02913 -0.02972 0.89439 -0.00326 0.44706 -0.01402
1403636591.863555431 -0.00849 -0.03423 -0.02940 0.88535 -0.01012 0.46477 -0.00603
1403636591.963555574 -0.00051 -0.03948 -0.02886 0.88252 -0.01934 0.46987 -0.00185
1403636592.063555479 0.01252 -0.04840 -0.02987 0.88568 -0.03076 0.46327 0.00196
1403636592.163555384 0.03142 -0.05979 -0.03187 0.88891 -0.04255 0.45606 0.00594
1403636592.263555527 0.05396 -0.07040 -0.03385 0.89297 -0.04857 0.44742 0.00843
1403636592.363555431 0.08070 -0.07518 -0.03506 0.89641 -0.04996 0.44038 0.00510
1403636592.463555574 0.11129 -0.07079 -0.03479 0.89813 -0.04424 0.43750 -0.00258
1403636592.563555479 0.14363 -0.05639 -0.03321 0.89541 -0.03123 0.44399 -0.01163
1403636592.663555384 0.17444 -0.03276 -0.03310 0.89159 -0.01324 0.45220 -0.02006
1403636592.763555527 0.20018 0.00030 -0.03405 0.89000 0.00663 0.45483 -0.03150
1403636592.863555431 0.21597 0.04467 -0.03589 0.89013 0.02846 0.45199 -0.05069
1403636592.963555574 0.21767 0.09769 -0.03881 0.89111 0.05117 0.44545 -0.06984
1403636593.063555479 0.20251 0.15662 -0.04029 0.89124 0.07426 0.43861 -0.08830
1403636593.163555384 0.17225 0.21591 -0.03968 0.88965 0.09572 0.43395 -0.10510
1403636593.263555527 0.13022 0.27035 -0.03712 0.88746 0.10811 0.43033 -0.12467
1403636593.363555431 0.08157 0.31049 -0.03512 0.88765 0.11653 0.42487 -0.13414
1403636593.463555574 0.03042 0.33192 -0.03599 0.88887 0.11973 0.42127 -0.13456
1403636593.563555479 -0.02010 0.33446 -0.03973 0.89177 0.11329 0.41835 -0.12998
1403636593.663555384 -0.06642 0.32098 -0.04621 0.89727 0.09830 0.41196 -0.12464
1403636593.763555527 -0.10677 0.29125 -0.05254 0.90369 0.07524 0.40627 -0.11236
1403636593.863555431 -0.13965 0.24823 -0.05688 0.90662 0.04343 0.40916 -0.09353
1403636593.963555574 -0.16353 0.19656 -0.05781 0.90480 0.00820 0.41986 -0.07069
1403636594.063555479 -0.17585 0.14058 -0.05612 0.90156 -0.02504 0.42957 -0.04519
1403636594.163555384 -0.17329 0.08404 -0.05543 0.89999 -0.05498 0.43176 -0.02413
1403636594.263555527 -0.15432 0.02835 -0.05718 0.89976 -0.07536 0.42978 -0.00625
1403636594.363555431 -0.11987 -0.02546 -0.05860 0.89912 -0.08540 0.42919 0.00887
1403636594.463555574 -0.07203 -0.07309 -0.05970 0.89591 -0.08710 0.43513 0.02043
1403636594.563555479 -0.01780 -0.10953 -0.06015 0.89086 -0.08593 0.44545 0.02377
1403636594.663555384 0.03464 -0.12537 -0.06098 0.88717 -0.08571 0.45294 0.02049
1403636594.763555527 0.08065 -0.11642 -0.06320 0.88582 -0.07791 0.45724 0.01379
1403636594.863555431 0.11788 -0.08094 -0.06760 0.88519 -0.05845 0.46154 0.00134
1403636594.963555574 0.14214 -0.02161 -0.07125 0.88433 -0.02839 0.46579 -0.01407
1403636595.063555479 0.14932 0.05471 -0.07432 0.88376 0.00734 0.46633 -0.03808
1403636595.163555384 0.14259 0.13435 -0.07790 0.88442 0.04071 0.46068 -0.06259
1403636595.263555527 0.12339 0.20455 -0.08070 0.88439 0.06828 0.45341 -0.08718
1403636595.363555431 0.09395 0.25624 -0.08215 0.88383 0.08995 0.44713 -0.10404
1403636595.463555574 0.06078 0.28237 -0.08260 0.88362 0.10055 0.44321 -0.11257
1403636595.563555479 0.02776 0.27964 -0.08340 0.88510 0.10460 0.43863 -0.11517
1403636595.663555384 -0.00268 0.25046 -0.08546 0.88768 0.10292 0.43495 -0.11073
1403636595.763555527 -0.02877 0.20188 -0.08947 0.89049 0.09232 0.43487 -0.09692
1403636595.863555431 -0.05099 0.14196 -0.09480 0.89307 0.07283 0.43772 -0.07430
1403636595.963555574 -0.07253 0.08198 -0.10034 0.89603 0.04777 0.43817 -0.05335
1403636596.063555479 -0.09910 0.03251 -0.10406 0.89958 0.02316 0.43486 -0.03337
1403636596.163555384 -0.13060 0.00536 -0.10544 0.90172 0.00263 0.43180 -0.02115
1403636596.263555527 -0.16554 0.00629 -0.10107 0.90125 -0.00854 0.43281 -0.01878
1403636596.363555431 -0.20582 0.02915 -0.09009 0.89942 -0.01355 0.43645 -0.01930
1403636596.463555574 -0.25033 0.06209 -0.07619 0.89686 -0.01091 0.44182 -0.01793
1403636596.563555479 -0.28981 0.09511 -0.06417 0.89460 -0.00396 0.44651 -0.01723
1403636596.663555384 -0.31840 0.12255 -0.05658 0.89513 -0.00141 0.44550 -0.01636
1403636596.763555527 -0.32983 0.13943 -0.05428 0.89566 0.00281 0.44443 -0.01645
1403636596.863555431 -0.31809 0.14420 -0.05592 0.89312 0.00727 0.44955 -0.01396
1403636596.963555574 -0.28400 0.14056 -0.05873 0.89170 0.01076 0.45239 -0.00948
1403636597.063555479 -0.23162 0.13216 -0.06339 0.89521 0.01168 0.44542 -0.00747
1403636597.163555384 -0.16810 0.12283 -0.06765 0.90001 0.01751 0.43534 -0.01250
1403636597.263555527 -0.09785 0.11441 -0.06625 0.90128 0.02947 0.43175 -0.02030
1403636597.363555431 -0.02643 0.11077 -0.06206 0.89904 0.04393 0.43468 -0.02926
1403636597.463555574 0.04039 0.11347 -0.05903 0.89615 0.06087 0.43797 -0.03729
1403636597.563555479 0.09232 0.12430 -0.05846 0.89223 0.07955 0.44171 -0.04982
1403636597.663555384 0.12093 0.14392 -0.06020 0.88635 0.09546 0.44777 -0.06907
1403636597.763555527 0.12437 0.16815 -0.06268 0.88010 0.10954 0.45410 -0.08491
1403636597.863555431 0.10526 0.18930 -0.06420 0.87505 0.12107 0.45946 -0.09233
1403636597.963555574 0.07078 0.20224 -0.06620 0.87289 0.13208 0.46024 -0.09376
1403636598.063555479 0.02714 0.20717 -0.06957 0.87502 0.13727 0.45482 -0.09295
1403636598.163555384 -0.01833 0.20497 -0.07624 0.88142 0.13704 0.44269 -0.09136
1403636598.263555527 -0.05665 0.19626 -0.08736 0.89027 0.13685 0.42617 -0.08412
1403636598.363555431 -0.07879 0.18444 -0.10074 0.89600 0.13531 0.41617 -0.07535
1403636598.463555574 -0.08027 0.17272 -0.11560 0.89736 0.13339 0.41509 -0.06816
1403636598.563555479 -0.06149 0.16394 -0.12940 0.89367 0.13471 0.42230 -0.06987
1403636598.663555384 -0.02931 0.15828 -0.14218 0.88612 0.13818 0.43544 -0.07805
1403636598.763555527 0.00706 0.15533 -0.15855 0.87535 0.14379 0.45259 -0.09080
1403636598.863555431 0.04143 0.15310 -0.17964 0.86330 0.14585 0.47225 -0.10210
1403636598.963555574 0.07136 0.15042 -0.20329 0.85349 0.14446 0.48940 -0.10572
1403636599.063555479 0.09435 0.14897 -0.22507 0.84491 0.14404 0.50318 -0.11039
1403636599.163555384 0.11114 0.14862 -0.23971 0.83262 0.14320 0.52083 -0.12232
1403636599.263555527 0.12601 0.14918 -0.24885 0.81535 0.13912 0.54740 -0.12731
1403636599.363555431 0.13835 0.15000 -0.25718 0.80278 0.13358 0.56635 -0.13019
1403636599.463555574 0.14838 0.15035 -0.26706 0.79878 0.13143 0.57390 -0.12373
1403636599.563555479 0.15516 0.15052 -0.27648 0.80263 0.12415 0.57126 -0.11848
1403636599.663555384 0.15831 0.14955 -0.28555 0.80668 0.12121 0.56693 -0.11473
1403636599.863555431 0.15845 0.14580 -0.28912 0.79213 0.11813 0.58693 -0.11870
1403636623.763555527 0.15777 0.14114 -0.29169 0.79014 0.10929 0.58984 -0.12582
1403636624.363555431 0.15645 0.13878 -0.29171 0.79583 0.10791 0.58339 -0.12109
1403636624.463555574 0.15388 0.13343 -0.29192 0.80118 0.10679 0.57684 -0.11815
1403636624.563555479 0.14969 0.12582 -0.29169 0.80626 0.10537 0.57079 -0.11422
1403636624.663555384 0.14572 0.11565 -0.29120 0.80558 0.10659 0.57243 -0.10956
1403636624.763555527 0.14048 0.10214 -0.29211 0.80357 0.11041 0.57562 -0.10363
1403636624.863555431 0.13186 0.08514 -0.29017 0.80684 0.11993 0.57117 -0.09160
1403636624.963555574 0.12059 0.06708 -0.28036 0.81333 0.13082 0.56162 -0.07728
1403636625.063555479 0.10858 0.05189 -0.26203 0.81957 0.13703 0.55198 -0.06960
1403636625.163555384 0.09941 0.04317 -0.23713 0.82429 0.13564 0.54486 -0.07263
1403636625.263555527 0.09387 0.03859 -0.20799 0.82178 0.13146 0.54862 -0.08014
1403636625.363555431 0.09202 0.03700 -0.18996 0.81832 0.12965 0.55339 -0.08548
1403636625.563555479 0.09442 0.03713 -0.19943 0.82176 0.13224 0.54747 -0.08664
1403636625.763555527 0.11304 0.04855 -0.18066 0.81583 0.13438 0.55541 -0.08877
1403636625.863555431 0.12636 0.05800 -0.14624 0.80948 0.13313 0.56432 -0.09257
1403636625.963555574 0.14050 0.06864 -0.09996 0.80579 0.13187 0.56934 -0.09574
1403636626.063555479 0.15335 0.07896 -0.05197 0.80393 0.12919 0.57166 -0.10106
1403636626.163555384 0.16429 0.08781 -0.00719 0.80370 0.12353 0.57155 -0.11018
1403636626.263555527 0.17446 0.09350 0.02937 0.80361 0.11958 0.57126 -0.11653
1403636626.463555574 0.19332 0.09318 0.06135 0.80217 0.12244 0.57309 -0.11448
1403636626.563555479 0.20203 0.08793 0.06605 0.79750 0.12702 0.57949 -0.10976
1403636626.863555431 0.20723 0.05992 0.05465 0.79824 0.13650 0.57714 -0.10536
1403636626.963555574 0.20249 0.04853 0.04300 0.80323 0.13849 0.56998 -0.10371
1403636627.063555479 0.19644 0.03725 0.02983 0.80794 0.13963 0.56331 -0.10205
1403636627.363555431 0.18315 0.00737 0.04763 0.80344 0.13856 0.56944 -0.10500
1403636627.563555479 0.17371 -0.01349 0.09499 0.80500 0.13055 0.56914 -0.10495
1403636627.663555384 0.16817 -0.02652 0.10115 0.80869 0.12431 0.56625 -0.09964
1403636627.763555527 0.16186 -0.04111 0.09289 0.81610 0.11739 0.55843 -0.09145
1403636627.863555431 0.15814 -0.05725 0.08116 0.82359 0.10881 0.55065 -0.08150
1403636627.963555574 0.15834 -0.07174 0.07284 0.82877 0.10242 0.54530 -0.07279
1403636628.063555479 0.16654 -0.08274 0.07421 0.82884 0.09698 0.54689 -0.06727
1403636628.163555384 0.17985 -0.09117 0.08862 0.82080 0.09071 0.55997 -0.06700
1403636628.263555527 0.19560 -0.09852 0.10883 0.81311 0.08370 0.57168 -0.07094
1403636628.363555431 0.21025 -0.10709 0.13260 0.81009 0.07808 0.57602 -0.07653
1403636628.863555431 0.27046 -0.19815 0.18009 0.81734 0.07453 0.56734 -0.06734
1403636628.963555574 0.28174 -0.22386 0.18183 0.82225 0.07142 0.56149 -0.05946
1403636629.063555479 0.28962 -0.25021 0.19340 0.82522 0.06745 0.55806 -0.05507
1403636629.163555384 0.29864 -0.27708 0.21004 0.82620 0.06228 0.55770 -0.04987
1403636629.263555527 0.31183 -0.30412 0.22264 0.82536 0.05324 0.56035 -0.04412
1403636629.363555431 0.32854 -0.32984 0.22936 0.82333 0.04373 0.56430 -0.04229
1403636629.463555574 0.34847 -0.35516 0.23022 0.82020 0.03191 0.56951 -0.04385
1403636629.563555479 0.36941 -0.38299 0.22337 0.82002 0.01782 0.57057 -0.04117
1403636629.663555384 0.39250 -0.41336 0.20771 0.82515 0.00506 0.56411 -0.02967
1403636629.763555527 0.41742 -0.44530 0.18596 0.83079 -0.00907 0.55630 -0.01498
1403636629.863555431 0.44674 -0.47838 0.16053 0.83394 -0.02613 0.55124 -0.00039
1403636629.963555574 0.48044 -0.51122 0.13672 0.83493 -0.04121 0.54868 0.01196
1403636630.063555479 0.51484 -0.54347 0.12095 0.83358 -0.05174 0.54961 0.01987
1403636630.163555384 0.55609 -0.57483 0.11468 0.82682 -0.05873 0.55882 0.02534
1403636630.263555527 0.59964 -0.60654 0.11639 0.81933 -0.06302 0.56910 0.02917
1403636630.463555574 0.68488 -0.67162 0.13216 0.82026 -0.06315 0.56760 0.03183
1403636630.763555527 0.81838 -0.76742 0.17859 0.82425 -0.05036 0.56304 0.03250
1403636631.063555479 0.96397 -0.85821 0.18015 0.82367 -0.04949 0.56454 0.02010
1403636631.263555527 1.05935 -0.92021 0.16810 0.81952 -0.04823 0.57070 0.01905
1403636631.663555384 1.25040 -1.03441 0.12162 0.81977 -0.04241 0.57070 0.02169
1403636632.063555479 1.41649 -1.13441 0.11043 0.81963 -0.03946 0.57092 0.02629
1403636632.263555527 1.48862 -1.16256 0.10763 0.81719 -0.03883 0.57410 0.03315
1403636632.563555479 1.59271 -1.19071 0.07409 0.82403 -0.04742 0.56414 0.02167
1403636632.663555384 1.62377 -1.19706 0.05869 0.82908 -0.04502 0.55724 0.00890
1403636632.763555527 1.66385 -1.20601 0.04170 0.83123 -0.03363 0.55489 -0.00432
1403636632.863555431 1.71476 -1.21429 0.03150 0.82925 -0.01113 0.55861 -0.01296
1403636632.963555574 1.76810 -1.23183 0.03070 0.82487 0.01350 0.56485 -0.01863
1403636633.063555479 1.81814 -1.24383 0.03502 0.82236 0.03228 0.56758 -0.02335
1403636633.163555384 1.87006 -1.25524 0.03623 0.82116 0.04467 0.56822 -0.02876
1403636633.363555431 1.97480 -1.27420 0.01947 0.82313 0.05235 0.56397 -0.04061
1403636633.563555479 2.08758 -1.29106 -0.01387 0.82750 0.04856 0.55744 -0.04627
1403636633.763555527 2.20813 -1.30795 -0.04060 0.82926 0.04342 0.55546 -0.04371
1403636633.963555574 2.34244 -1.32723 -0.04144 0.82737 0.03212 0.55861 -0.04872
1403636634.163555384 2.48702 -1.35433 -0.04349 0.82717 0.02731 0.55898 -0.05090
1403636634.363555431 2.64821 -1.39275 -0.02406 0.82310 0.03786 0.56509 -0.04168
1403636634.463555574 2.73233 -1.41406 -0.01648 0.81862 0.04203 0.57147 -0.03902
1403636634.563555479 2.81481 -1.43512 -0.01542 0.81515 0.04496 0.57620 -0.03883
1403636634.763555527 2.96648 -1.47258 -0.02713 0.81406 0.05941 0.57613 -0.04300
1403636634.963555574 3.11564 -1.50448 -0.02583 0.81799 0.07104 0.56854 -0.05100
1403636635.163555384 3.25806 -1.52888 -0.01300 0.81964 0.08027 0.56462 -0.05426
1403636635.363555431 3.40004 -1.54724 -0.02247 0.82295 0.07908 0.55896 -0.06375
1403636635.563555479 3.54778 -1.56379 -0.02234 0.82386 0.07550 0.55735 -0.07004
1403636635.763555527 3.69827 -1.58616 0.00005 0.82056 0.07102 0.56241 -0.07302
1403636635.863555431 3.77878 -1.59884 0.02307 0.81712 0.06501 0.56732 -0.07891
1403636636.063555479 3.94097 -1.63893 0.07528 0.82517 0.06543 0.55610 -0.07460
1403636636.163555384 4.02464 -1.66187 0.09937 0.82543 0.07068 0.55610 -0.06649
1403636636.263555527 4.11270 -1.68574 0.13007 0.81879 0.07489 0.56598 -0.06033
1403636636.363555431 4.19833 -1.70958 0.16582 0.81156 0.07624 0.57636 -0.05809
1403636636.463555574 4.28185 -1.73231 0.19923 0.80228 0.07674 0.58916 -0.05788
1403636636.563555479 4.35899 -1.75440 0.22365 0.79949 0.08038 0.59297 -0.05232
1403636636.763555527 4.50052 -1.79281 0.25103 0.79896 0.09040 0.59337 -0.03753
1403636637.063555479 4.67308 -1.81825 0.23845 0.80616 0.08619 0.58329 -0.04956
1403636637.263555527 4.77103 -1.81921 0.21047 0.81449 0.08269 0.57130 -0.05814
1403636637.563555479 4.90700 -1.80910 0.20713 0.81944 0.08563 0.56349 -0.06052
1403636637.863555431 5.05323 -1.79213 0.26821 0.81641 0.08733 0.56726 -0.06373
1403636637.963555574 5.10380 -1.78487 0.29835 0.81356 0.08775 0.57115 -0.06494
1403636638.163555384 5.20709 -1.76876 0.31249 0.80926 0.08803 0.57688 -0.06754
1403636638.463555574 5.33169 -1.74862 0.26519 0.82496 0.08165 0.55347 -0.08028
1403636638.563555479 5.36997 -1.74576 0.24541 0.83253 0.07897 0.54176 -0.08461
1403636638.763555527 5.47564 -1.74691 0.23500 0.82790 0.08800 0.54900 -0.07375
1403636638.863555431 5.53911 -1.74734 0.24403 0.82237 0.08848 0.55719 -0.07358
1403636638.963555574 5.60279 -1.74880 0.25683 0.81924 0.08602 0.56158 -0.07795
1403636639.063555479 5.66979 -1.75065 0.27118 0.81904 0.07935 0.56145 -0.08745
1403636639.263555527 5.80704 -1.76731 0.26849 0.82036 0.07113 0.55877 -0.09863
1403636639.363555431 5.88239 -1.78372 0.25056 0.82039 0.07756 0.55944 -0.08929
1403636639.463555574 5.95935 -1.80300 0.22766 0.82028 0.08531 0.56012 -0.07827
1403636639.563555479 6.03868 -1.82285 0.20110 0.81773 0.09367 0.56403 -0.06644
1403636639.663555384 6.11944 -1.84114 0.17237 0.81440 0.09829 0.56867 -0.06084
1403636639.763555527 6.19750 -1.85715 0.14890 0.81007 0.09552 0.57479 -0.06538
1403636639.963555574 6.33784 -1.88635 0.12361 0.80783 0.09117 0.57775 -0.07280
1403636640.163555384 6.47023 -1.91467 0.12863 0.80555 0.10289 0.57843 -0.07696
1403636640.363555431 6.59412 -1.94319 0.15544 0.80475 0.11606 0.57595 -0.08476
1403636640.763555527 6.80435 -1.99912 0.14715 0.80480 0.12674 0.57264 -0.09118
1403636641.263555527 7.01906 -2.04949 0.12110 0.80479 0.12640 0.57279 -0.09077
1403636641.763555527 7.19722 -2.09484 0.05198 0.80599 0.12174 0.57219 -0.09029
1403636642.063555479 7.29094 -2.12617 0.08338 0.80526 0.10988 0.57673 -0.08284
1403636642.163555384 7.32169 -2.13586 0.09706 0.80541 0.10344 0.57854 -0.07687
1403636642.363555431 7.36981 -2.15557 0.10490 0.80589 0.08944 0.58119 -0.06902
1403636642.463555574 7.39312 -2.16638 0.09843 0.80618 0.08171 0.58244 -0.06453
1403636642.663555384 7.42802 -2.18820 0.06855 0.81457 0.07310 0.57247 -0.05838
1403636642.863555431 7.45604 -2.20889 0.03862 0.82174 0.06950 0.56276 -0.05681
1403636643.163555384 7.50439 -2.24044 0.04496 0.81624 0.06747 0.57061 -0.06010
1403636643.563555479 7.58466 -2.29351 0.04601 0.82288 0.06949 0.56052 -0.06204
1403636643.863555431 7.67792 -2.33785 0.09887 0.83208 0.07563 0.54629 -0.05911
1403636644.263555527 7.87949 -2.38912 0.12254 0.82824 0.07217 0.55198 -0.06432
1403636644.363555431 7.94163 -2.40122 0.11773 0.81969 0.06351 0.56424 -0.07557
1403636644.463555574 8.00431 -2.41464 0.10376 0.81351 0.05867 0.57278 -0.08169
1403636644.663555384 8.12631 -2.45649 0.05322 0.80775 0.05435 0.58049 -0.08729
1403636644.763555527 8.18202 -2.48563 0.01736 0.80722 0.06394 0.58221 -0.07313
1403636644.863555431 8.23581 -2.51760 -0.02345 0.80776 0.07195 0.58208 -0.05941
1403636644.963555574 8.28579 -2.54949 -0.06317 0.81107 0.07244 0.57771 -0.05624
1403636645.063555479 8.33151 -2.58022 -0.09557 0.82205 0.07133 0.56220 -0.05558
1403636645.163555384 8.37816 -2.61143 -0.12116 0.83433 0.07129 0.54397 -0.05390
1403636645.263555527 8.43377 -2.64102 -0.13824 0.84188 0.07066 0.53236 -0.05325
1403636645.463555574 8.57338 -2.69573 -0.15429 0.83421 0.06961 0.54449 -0.05269
1403636645.563555479 8.65574 -2.71942 -0.16770 0.83179 0.06949 0.54827 -0.05193
1403636645.763555527 8.82926 -2.76245 -0.19901 0.82866 0.06943 0.55304 -0.05143
1403636645.963555574 9.02226 -2.80059 -0.19726 0.82682 0.06541 0.55599 -0.05439
1403636646.063555479 9.12319 -2.81967 -0.18289 0.82317 0.05476 0.56248 -0.05489
1403636646.163555384 9.22520 -2.84169 -0.16600 0.82047 0.03732 0.56829 -0.04976
1403636646.263555527 9.32867 -2.86730 -0.15244 0.81767 0.01394 0.57401 -0.04163
1403636646.363555431 9.42540 -2.89772 -0.14345 0.81313 -0.01273 0.58115 -0.03049
1403636646.463555574 9.51971 -2.93257 -0.13994 0.80797 -0.03338 0.58817 -0.01100
1403636646.563555479 9.60949 -2.96991 -0.13531 0.80305 -0.04619 0.59407 0.00794
1403636646.663555384 9.69460 -3.00838 -0.12788 0.80395 -0.05501 0.59176 0.02132
1403636646.763555527 9.77527 -3.04700 -0.11085 0.80531 -0.06231 0.58887 0.02873
1403636646.863555431 9.85233 -3.08513 -0.08343 0.80484 -0.06672 0.58875 0.03387
1403636647.163555384 10.04395 -3.19542 -0.01599 0.81268 -0.06934 0.57740 0.03669
1403636647.363555431 10.16091 -3.26981 0.00769 0.81231 -0.06852 0.57826 0.03278
1403636647.563555479 10.27064 -3.34628 0.01568 0.80573 -0.06827 0.58780 0.02500
1403636647.763555527 10.36304 -3.42905 0.02810 0.80382 -0.07072 0.59008 0.02590
1403636647.863555431 10.39743 -3.47199 0.03718 0.80531 -0.07306 0.58749 0.03153
1403636647.963555574 10.42566 -3.51643 0.03875 0.80454 -0.08144 0.58697 0.03933
1403636648.063555479 10.44990 -3.56342 0.03126 0.80364 -0.09600 0.58511 0.05101
1403636648.163555384 10.47228 -3.61286 0.01678 0.80136 -0.11626 0.58313 0.06536
1403636648.263555527 10.49219 -3.66340 -0.00151 0.79770 -0.13815 0.58142 0.08087
1403636648.363555431 10.51142 -3.71572 -0.02346 0.79334 -0.16083 0.57905 0.09720
1403636648.463555574 10.52572 -3.76725 -0.04956 0.78888 -0.18419 0.57508 0.11413
1403636648.563555479 10.53670 -3.81798 -0.07580 0.78360 -0.20605 0.57172 0.12902
1403636648.663555384 10.54265 -3.86689 -0.09650 0.78043 -0.22143 0.56743 0.14115
1403636648.763555527 10.54803 -3.91511 -0.11074 0.78121 -0.23158 0.56002 0.14984
1403636648.863555431 10.55467 -3.96340 -0.11685 0.78760 -0.23965 0.54709 0.15149
1403636648.963555574 10.56293 -4.01097 -0.11219 0.79337 -0.24305 0.53681 0.15272
1403636649.163555384 10.58821 -4.10826 -0.07498 0.78412 -0.23940 0.55019 0.15855
1403636649.263555527 10.60302 -4.15736 -0.04506 0.77784 -0.23510 0.56008 0.16125
1403636649.563555479 10.62978 -4.29583 0.07005 0.78157 -0.22719 0.56001 0.15465
1403636649.663555384 10.63449 -4.34016 0.11911 0.77682 -0.22904 0.56632 0.15287
1403636649.763555527 10.63489 -4.38302 0.16148 0.77254 -0.23539 0.56848 0.15683
1403636649.863555431 10.63192 -4.42284 0.19686 0.76950 -0.24015 0.56878 0.16338
1403636649.963555574 10.62707 -4.46052 0.22353 0.76753 -0.24384 0.56820 0.16907
1403636650.163555384 10.60781 -4.53227 0.24803 0.76259 -0.25599 0.56644 0.17909
1403636650.263555527 10.58950 -4.56687 0.25078 0.75828 -0.27066 0.56169 0.19042
1403636650.363555431 10.56882 -4.60149 0.24870 0.75242 -0.29129 0.55490 0.20275
1403636650.463555574 10.54525 -4.63404 0.24224 0.74701 -0.31309 0.54480 0.21713
1403636650.563555479 10.51838 -4.66183 0.23052 0.74250 -0.33400 0.53377 0.22853
1403636650.663555384 10.49169 -4.68738 0.21511 0.73859 -0.34873 0.52610 0.23684
1403636650.763555527 10.46567 -4.71145 0.19969 0.73506 -0.35889 0.52106 0.24370
1403636650.863555431 10.44119 -4.73478 0.19265 0.73051 -0.36420 0.52092 0.24969
1403636650.963555574 10.41693 -4.75671 0.19360 0.72472 -0.36516 0.52562 0.25525
1403636651.163555384 10.36459 -4.79582 0.21200 0.72123 -0.36337 0.52995 0.25874
1403636651.463555574 10.27433 -4.83340 0.26322 0.73124 -0.36037 0.52275 0.24929
1403636651.663555384 10.21269 -4.85054 0.27250 0.72758 -0.35355 0.53275 0.24862
1403636651.863555431 10.14353 -4.85943 0.26325 0.71696 -0.36477 0.54114 0.24511
1403636651.963555574 10.10048 -4.86038 0.25205 0.70836 -0.37895 0.54029 0.25045
1403636652.063555479 10.05120 -4.86213 0.23651 0.69943 -0.39584 0.53338 0.26385
1403636652.163555384 9.99479 -4.86220 0.21684 0.69157 -0.41594 0.51791 0.28373
1403636652.263555527 9.93089 -4.86015 0.19369 0.68127 -0.44205 0.49904 0.30237
1403636652.363555431 9.86149 -4.85252 0.16455 0.67102 -0.47070 0.47766 0.31625
1403636652.463555574 9.79320 -4.84781 0.13650 0.66023 -0.49305 0.46269 0.32697
1403636652.563555479 9.72734 -4.84547 0.11343 0.65259 -0.51031 0.45083 0.33237
1403636652.663555384 9.66489 -4.84832 0.09937 0.65015 -0.52197 0.43902 0.33483
1403636652.763555527 9.60576 -4.85719 0.09692 0.64863 -0.52723 0.43260 0.33787
1403636652.963555574 9.50009 -4.89325 0.11762 0.64530 -0.52654 0.43374 0.34382
1403636653.163555384 9.40455 -4.95163 0.12901 0.64329 -0.51736 0.44269 0.35006
1403636653.263555527 9.36053 -4.98769 0.12459 0.64043 -0.50995 0.45164 0.35470
1403636653.463555574 9.27046 -5.05325 0.12723 0.64204 -0.49944 0.45987 0.35618
1403636653.763555527 9.14661 -5.12714 0.17301 0.64289 -0.49047 0.46912 0.35506
1403636654.163555384 8.98911 -5.16723 0.16062 0.63898 -0.49562 0.47190 0.35126
1403636654.263555527 8.95114 -5.16604 0.15480 0.63426 -0.50124 0.46798 0.35703
1403636654.363555431 8.91019 -5.16278 0.15633 0.62870 -0.51083 0.45997 0.36360
1403636654.463555574 8.86948 -5.15661 0.16574 0.62117 -0.52341 0.44994 0.37114
1403636654.563555479 8.82854 -5.14740 0.18220 0.61116 -0.53664 0.43935 0.38142
1403636654.663555384 8.78833 -5.13665 0.19861 0.60213 -0.55159 0.43073 0.38427
1403636654.763555527 8.74842 -5.12581 0.21016 0.59588 -0.56182 0.42333 0.38740
1403636654.863555431 8.71086 -5.11504 0.21415 0.59120 -0.56835 0.41730 0.39157
1403636654.963555574 8.67522 -5.10545 0.21223 0.58586 -0.57018 0.41596 0.39829
1403636655.063555479 8.63975 -5.09544 0.20609 0.57875 -0.56894 0.42054 0.40559
1403636655.263555527 8.56961 -5.06992 0.18507 0.56944 -0.56847 0.42730 0.41231
1403636655.363555431 8.53387 -5.04852 0.17326 -0.56290 0.57262 -0.42741 -0.41542
1403636655.463555574 8.49714 -5.02175 0.16493 -0.55607 0.57778 -0.42571 -0.41920
1403636655.563555479 8.45855 -4.98839 0.16324 -0.55020 0.58744 -0.41820 -0.42108
1403636655.663555384 8.41885 -4.94909 0.15981 -0.54516 0.60279 -0.40597 -0.41790
1403636655.763555527 8.37687 -4.90899 0.14758 -0.54015 0.61535 -0.39575 -0.41589
1403636655.863555431 8.33316 -4.86960 0.12194 -0.53069 0.62752 -0.38726 -0.41786
1403636655.963555574 8.28707 -4.83162 0.08944 -0.51728 0.64005 -0.37891 -0.42330
1403636656.063555479 8.23719 -4.79444 0.06227 -0.50544 0.64882 -0.37260 -0.42981
1403636656.163555384 8.18474 -4.75813 0.04435 -0.49924 0.65442 -0.36455 -0.43544
1403636656.263555527 8.13028 -4.72289 0.03825 -0.49701 0.65807 -0.35682 -0.43886
1403636656.363555431 8.07625 -4.69229 0.04275 -0.49546 0.66106 -0.35301 -0.43921
1403636656.563555479 7.96704 -4.64548 0.07672 -0.49690 0.66041 -0.35035 -0.44068
1403636656.663555384 7.91297 -4.63102 0.09468 -0.49643 0.65609 -0.35386 -0.44484
1403636656.763555527 7.85558 -4.61496 0.10787 -0.49232 0.64786 -0.36352 -0.45359
1403636656.863555431 7.79803 -4.59747 0.11292 -0.49243 0.64113 -0.36680 -0.46035
1403636657.063555479 7.68625 -4.55036 0.09925 -0.49112 0.63585 -0.37521 -0.46229
1403636657.363555431 7.52628 -4.44336 0.06663 -0.49137 0.64230 -0.37900 -0.44986
1403636657.463555574 7.47469 -4.39962 0.06169 -0.49324 0.64885 -0.37566 -0.44111
1403636657.563555479 7.42206 -4.35421 0.05302 -0.49509 0.65339 -0.37222 -0.43521
1403636657.763555527 7.30326 -4.26602 0.02234 -0.49326 0.65532 -0.37135 -0.43514
1403636657.863555431 7.24136 -4.21889 0.00143 -0.48894 0.66004 -0.37196 -0.43236
1403636657.963555574 7.17439 -4.17115 -0.01812 -0.48586 0.66601 -0.37173 -0.42684
1403636658.063555479 7.10044 -4.12464 -0.02852 -0.48693 0.66719 -0.36700 -0.42787
1403636658.163555384 7.02218 -4.07827 -0.03002 -0.49076 0.66429 -0.35899 -0.43475
1403636658.263555527 6.94141 -4.03528 -0.02901 -0.49411 0.66156 -0.35181 -0.44094
1403636658.363555431 6.86232 -3.99602 -0.03275 -0.49605 0.66077 -0.34696 -0.44377
1403636658.463555574 6.78324 -3.96039 -0.04034 -0.49826 0.66017 -0.34230 -0.44580
1403636658.563555479 6.70416 -3.92877 -0.05003 -0.50173 0.65767 -0.33645 -0.45004
1403636658.663555384 6.62643 -3.90126 -0.06169 -0.50392 0.65555 -0.33295 -0.45327
1403636658.763555527 6.55285 -3.87857 -0.07561 -0.50471 0.65253 -0.33159 -0.45773
1403636658.863555431 6.48370 -3.86043 -0.09214 -0.50477 0.64751 -0.33121 -0.46502
1403636659.063555479 6.35964 -3.82689 -0.13737 -0.49399 0.64569 -0.34670 -0.46782
1403636659.263555527 6.25315 -3.79211 -0.19593 -0.48988 0.64425 -0.35321 -0.46926
1403636659.363555431 6.20544 -3.77281 -0.22161 -0.49212 0.64683 -0.35038 -0.46547
1403636659.463555574 6.16150 -3.75243 -0.24172 -0.49665 0.65049 -0.34452 -0.45991
1403636659.663555384 6.08095 -3.71253 -0.26799 -0.49590 0.65001 -0.34341 -0.46221
1403636659.863555431 6.01473 -3.67303 -0.31157 -0.49241 0.64935 -0.34400 -0.46641
1403636659.963555574 5.98761 -3.64801 -0.34087 -0.49366 0.65254 -0.33979 -0.46372
1403636660.063555479 5.96337 -3.62475 -0.37403 -0.49569 0.65744 -0.33473 -0.45829
1403636660.163555384 5.94181 -3.60372 -0.40993 -0.49779 0.66091 -0.32996 -0.45445
1403636660.263555527 5.92130 -3.58621 -0.44787 -0.49888 0.66320 -0.32735 -0.45180
1403636660.363555431 5.90334 -3.57390 -0.48304 -0.50288 0.66792 -0.32051 -0.44528
1403636660.463555574 5.88664 -3.56905 -0.50968 -0.50584 0.67255 -0.31531 -0.43861
1403636660.663555384 5.85712 -3.58566 -0.55559 -0.50185 0.66166 -0.32332 -0.45367
1403636660.763555527 5.84562 -3.60255 -0.58446 -0.49971 0.65166 -0.32777 -0.46711
1403636660.963555574 5.83817 -3.63777 -0.66043 -0.50019 0.64062 -0.32864 -0.48105
1403636661.163555384 5.85592 -3.67341 -0.75355 -0.49266 0.64380 -0.34050 -0.47632
1403636661.363555431 5.89292 -3.70030 -0.83540 -0.48897 0.64500 -0.34618 -0.47438
1403636661.563555479 5.94146 -3.71767 -0.88802 -0.48889 0.64691 -0.34748 -0.47090
1403636661.763555527 5.99970 -3.72608 -0.91028 -0.48501 0.64889 -0.35432 -0.46708
1403636661.963555574 6.06003 -3.72449 -0.90676 -0.47996 0.65010 -0.36402 -0.46315
1403636662.263555527 6.14246 -3.69429 -0.87109 -0.48821 0.64588 -0.35197 -0.46969
1403636662.463555574 6.20216 -3.65962 -0.87035 -0.49531 0.64954 -0.33827 -0.46727
1403636662.563555479 6.23711 -3.64242 -0.87810 -0.49669 0.65498 -0.33456 -0.46083
1403636662.663555384 6.27413 -3.62673 -0.88939 -0.48976 0.66240 -0.34249 -0.45174
1403636662.763555527 6.30934 -3.61331 -0.90316 -0.48124 0.66642 -0.35332 -0.44660
1403636662.963555574 6.36532 -3.58755 -0.94496 -0.48022 0.67226 -0.35205 -0.43990
1403636663.063555479 6.38637 -3.57534 -0.96667 -0.47845 0.67823 -0.35307 -0.43178
1403636663.263555527 6.40611 -3.55804 -0.99383 -0.48472 0.67790 -0.34265 -0.43370
1403636663.363555431 6.40645 -3.55449 -1.00994 -0.49477 0.67306 -0.32793 -0.44120
1403636663.463555574 6.40602 -3.55637 -1.03311 -0.50307 0.67169 -0.31613 -0.44251
1403636663.663555384 6.40751 -3.58378 -1.09158 -0.51001 0.67242 -0.30566 -0.44081
1403636663.863555431 6.41696 -3.65067 -1.14049 -0.51884 0.65810 -0.29706 -0.45767
1403636663.963555574 6.43125 -3.69942 -1.15348 -0.52004 0.64875 -0.29872 -0.46845
1403636664.063555479 6.45504 -3.75411 -1.15965 -0.51922 0.64077 -0.30330 -0.47732
1403636664.163555384 6.48908 -3.81463 -1.16061 -0.51444 0.63891 -0.31447 -0.47776
1403636664.263555527 6.53142 -3.87864 -1.15900 -0.50857 0.63727 -0.32805 -0.47709
1403636664.363555431 6.57935 -3.94280 -1.16940 -0.50534 0.63622 -0.33742 -0.47539
1403636664.463555574 6.63083 -4.00600 -1.19658 -0.50465 0.63501 -0.34363 -0.47330
1403636664.563555479 6.68690 -4.06721 -1.22907 -0.50416 0.63334 -0.35026 -0.47119
1403636664.663555384 6.74772 -4.12512 -1.25812 -0.50179 0.63390 -0.35993 -0.46564
1403636664.763555527 6.81020 -4.17912 -1.28012 -0.50485 0.63413 -0.36095 -0.46121
1403636664.863555431 6.87392 -4.23042 -1.29487 -0.51010 0.63188 -0.35873 -0.46026
1403636664.963555574 6.93994 -4.28114 -1.30402 -0.51273 0.63248 -0.35919 -0.45613
1403636665.063555479 7.00739 -4.32860 -1.30573 -0.51659 0.63633 -0.35686 -0.44820
1403636665.163555384 7.07571 -4.37368 -1.29870 -0.51977 0.63928 -0.35464 -0.44203
1403636665.263555527 7.14452 -4.41950 -1.28710 -0.51474 0.64167 -0.36353 -0.43721
1403636665.363555431 7.21064 -4.46864 -1.27476 -0.51062 0.64030 -0.37023 -0.43843
1403636665.563555479 7.33296 -4.55856 -1.24925 -0.51907 0.63463 -0.35549 -0.44882
1403636665.763555527 7.45988 -4.64643 -1.22148 -0.52067 0.63163 -0.34838 -0.45669
1403636665.863555431 7.52740 -4.69192 -1.20287 -0.51304 0.63296 -0.35682 -0.45699
1403636665.963555574 7.59765 -4.73794 -1.18567 -0.50304 0.63870 -0.36865 -0.45068
1403636666.063555479 7.66732 -4.78135 -1.17336 -0.49841 0.64287 -0.37343 -0.44593
1403636666.263555527 7.79910 -4.85612 -1.16487 -0.50050 0.63844 -0.36939 -0.45326
1403636666.363555431 7.86430 -4.89014 -1.16794 -0.49775 0.63841 -0.37388 -0.45265
1403636666.463555574 7.92799 -4.91877 -1.17237 -0.49656 0.64125 -0.37689 -0.44741
1403636666.563555479 7.98704 -4.94186 -1.17133 -0.49996 0.64218 -0.37419 -0.44456
1403636666.663555384 8.04213 -4.96128 -1.16117 -0.50728 0.64153 -0.36639 -0.44370
1403636666.763555527 8.09980 -4.97879 -1.14673 -0.51474 0.64270 -0.35812 -0.44016
1403636666.863555431 8.15650 -4.99670 -1.13202 -0.51763 0.64753 -0.35576 -0.43152
1403636666.963555574 8.21048 -5.01678 -1.12441 -0.51378 0.65879 -0.36184 -0.41364
1403636667.163555384 8.29764 -5.06859 -1.11845 -0.51171 0.64732 -0.36723 -0.42928
1403636667.263555527 8.33579 -5.09948 -1.12236 -0.51352 0.63531 -0.36581 -0.44594
1403636667.563555479 8.45517 -5.18076 -1.16006 -0.52035 0.63595 -0.35882 -0.44278
1403636667.663555384 8.50275 -5.21135 -1.17150 -0.51967 0.64359 -0.35954 -0.43181
1403636667.863555431 8.58455 -5.27105 -1.17071 -0.51543 0.64672 -0.36445 -0.42809
1403636668.463555574 8.78463 -5.47563 -1.23844 -0.51492 0.64627 -0.34737 -0.44332
1403636668.863555431 8.93372 -5.65400 -1.33457 -0.51651 0.63721 -0.33472 -0.46384
1403636669.063555479 9.03438 -5.75040 -1.35440 -0.50830 0.63527 -0.34569 -0.46750
1403636669.163555384 9.09406 -5.79454 -1.35496 -0.50328 0.63766 -0.35191 -0.46504
1403636669.363555431 9.21814 -5.87216 -1.36858 -0.50099 0.63896 -0.35311 -0.46482
1403636669.563555479 9.35216 -5.94213 -1.39890 -0.49703 0.63422 -0.35933 -0.47076
1403636669.663555384 9.42227 -5.97140 -1.41368 -0.49392 0.62833 -0.36482 -0.47765
1403636669.763555527 9.49565 -5.99539 -1.42453 -0.49095 0.62456 -0.37016 -0.48154
1403636669.863555431 9.57133 -6.01109 -1.43019 -0.48130 0.63274 -0.38663 -0.46744
1403636669.963555574 9.64588 -6.01517 -1.42875 -0.47402 0.64572 -0.39838 -0.44682
1403636670.063555479 9.70715 -6.00801 -1.41943 -0.47255 0.65300 -0.40135 -0.43498
1403636670.163555384 9.76091 -5.99443 -1.40555 -0.47135 0.65450 -0.40820 -0.42759
1403636670.263555527 9.80399 -5.97402 -1.39057 -0.46442 0.65213 -0.42558 -0.42180
1403636670.363555431 9.83333 -5.94369 -1.38222 -0.46205 0.65041 -0.43784 -0.41444
1403636670.463555574 9.84917 -5.90345 -1.37934 -0.46693 0.64848 -0.44600 -0.40316
1403636670.563555479 9.85077 -5.85453 -1.37212 -0.47634 0.64267 -0.45470 -0.39156
1403636670.663555384 9.83369 -5.79783 -1.35661 -0.48984 0.63279 -0.46266 -0.38154
1403636670.763555527 9.79761 -5.73329 -1.33420 -0.50454 0.61987 -0.47193 -0.37213
1403636670.863555431 9.74479 -5.66407 -1.31214 -0.51665 0.60719 -0.48661 -0.35721
1403636670.963555574 9.67336 -5.58966 -1.29155 -0.52662 0.59235 -0.50668 -0.33922
1403636671.063555479 9.57832 -5.50819 -1.26403 -0.54262 0.57095 -0.52311 -0.32547
1403636671.163555384 9.45651 -5.42030 -1.22766 0.56681 -0.54650 0.52862 0.31721
1403636671.263555527 9.31110 -5.32790 -1.18485 0.59203 -0.52631 0.52583 0.30984
1403636671.363555431 9.14666 -5.23227 -1.14162 0.62392 -0.50631 0.50646 0.31285
1403636671.463555574 8.97361 -5.13613 -1.10086 0.65623 -0.48458 0.48424 0.31631
1403636671.563555479 8.80007 -5.04180 -1.06572 0.67982 -0.47140 0.46971 0.30822
1403636671.663555384 8.62919 -4.95294 -1.03721 0.69630 -0.46550 0.45824 0.29746
1403636671.763555527 8.46331 -4.87155 -1.01280 0.70621 -0.46302 0.45076 0.28930
1403636671.863555431 8.30416 -4.80037 -0.99130 0.71403 -0.46222 0.44204 0.28481
1403636671.963555574 8.15391 -4.74212 -0.96636 0.72151 -0.46463 0.42954 0.28112
1403636672.063555479 8.01529 -4.69884 -0.93202 0.72830 -0.46351 0.41671 0.28476
1403636672.163555384 7.89167 -4.67029 -0.88732 0.73113 -0.45653 0.41037 0.29770
1403636672.263555527 7.78479 -4.65262 -0.83878 0.73121 -0.45365 0.40737 0.30590
1403636672.363555431 7.69506 -4.64657 -0.79389 0.73016 -0.44685 0.40729 0.31828
1403636672.463555574 7.62172 -4.64802 -0.75884 0.72530 -0.43558 0.41476 0.33495
1403636672.563555479 7.56185 -4.65169 -0.73793 0.70842 -0.43270 0.44127 0.34087
1403636672.663555384 7.51154 -4.65593 -0.73773 0.69309 -0.43513 0.46466 0.33821
1403636672.863555431 7.42770 -4.65907 -0.78711 0.69500 -0.44470 0.46772 0.31694
1403636672.963555574 7.39508 -4.66163 -0.80926 0.70221 -0.43583 0.46993 0.31004
1403636673.063555479 7.36881 -4.66516 -0.82424 0.71186 -0.42260 0.47178 0.30346
1403636673.163555384 7.34925 -4.66989 -0.83158 0.72302 -0.41331 0.46961 0.29307
1403636673.263555527 7.33577 -4.67583 -0.83127 0.73653 -0.40841 0.45995 0.28137
1403636673.363555431 7.33028 -4.68525 -0.82423 0.74525 -0.40573 0.45351 0.27261
1403636673.563555479 7.34703 -4.72074 -0.81329 0.74674 -0.39745 0.45990 0.27000
1403636673.663555384 7.37005 -4.74627 -0.81473 0.74109 -0.39100 0.47114 0.27557
1403636673.763555527 7.40091 -4.77525 -0.81835 0.73414 -0.38442 0.48348 0.28199
1403636673.863555431 7.43699 -4.80048 -0.82113 0.72962 -0.38058 0.49144 0.28514
1403636674.163555384 7.57252 -4.86608 -0.82556 0.72993 -0.38182 0.49136 0.28279
1403636674.363555431 7.68403 -4.90130 -0.85655 0.72136 -0.39080 0.50407 0.26986
1403636674.463555574 7.74482 -4.91848 -0.88217 0.71953 -0.39215 0.51247 0.25666
1403636674.563555479 7.80384 -4.93544 -0.91248 0.72122 -0.38620 0.51945 0.24672
1403636674.663555384 7.85948 -4.95378 -0.94662 0.72439 -0.37730 0.52331 0.24301
1403636674.763555527 7.91115 -4.97246 -0.98558 0.73035 -0.37354 0.52124 0.23532
1403636674.863555431 7.95833 -4.99244 -1.02477 0.74048 -0.37406 0.51101 0.22501
1403636674.963555574 8.00359 -5.01702 -1.05689 0.74886 -0.37465 0.50140 0.21784
1403636675.063555479 8.05094 -5.04880 -1.07899 0.75507 -0.37507 0.49335 0.21398
1403636675.263555527 8.15480 -5.13888 -1.09470 0.76469 -0.36036 0.48017 0.23413
1403636675.363555431 8.22145 -5.19555 -1.09274 0.76378 -0.35306 0.48188 0.24453
1403636675.463555574 8.29604 -5.25392 -1.08698 0.75854 -0.34271 0.49454 0.25019
1403636675.563555479 8.37709 -5.31088 -1.08728 0.75668 -0.32847 0.50495 0.25408
1403636675.663555384 8.46265 -5.36367 -1.09369 0.75641 -0.31574 0.51315 0.25462
1403636675.763555527 8.55217 -5.41030 -1.10567 0.75541 -0.30462 0.52487 0.24714
1403636675.863555431 8.64462 -5.45017 -1.12377 0.75259 -0.30119 0.54135 0.22323
1403636675.963555574 8.73484 -5.48565 -1.14817 0.75533 -0.29880 0.55035 0.19313
1403636676.063555479 8.82112 -5.52054 -1.17625 0.76348 -0.28736 0.55178 0.17339
1403636676.163555384 8.90281 -5.55636 -1.20627 0.77521 -0.26440 0.54817 0.16927
1403636676.263555527 8.98228 -5.59278 -1.23817 0.78733 -0.23468 0.54365 0.17168
1403636676.363555431 9.06314 -5.62672 -1.27059 0.79764 -0.20511 0.54105 0.17018
1403636676.463555574 9.14763 -5.65519 -1.29660 0.80535 -0.17999 0.54087 0.16271
1403636676.563555479 9.23486 -5.67574 -1.31519 0.80924 -0.16554 0.54533 0.14263
1403636676.663555384 9.32733 -5.69270 -1.32460 0.80993 -0.15670 0.55158 0.12334
1403636676.763555527 9.42046 -5.70675 -1.32567 0.80863 -0.15306 0.55766 0.10817
1403636676.863555431 9.51273 -5.71579 -1.32211 0.80889 -0.15132 0.56037 0.09369
1403636676.963555574 9.60175 -5.73116 -1.31476 0.80823 -0.14891 0.56318 0.08614
1403636677.163555384 9.77555 -5.76337 -1.34468 0.80924 -0.13643 0.56280 0.09881
1403636677.363555431 9.95004 -5.78401 -1.39792 0.80223 -0.12392 0.57458 0.10457
1403636677.463555574 10.04024 -5.79003 -1.41466 0.79601 -0.11360 0.58607 0.09992
1403636677.563555479 10.12184 -5.78558 -1.42346 0.79255 -0.10322 0.59449 0.08830
1403636677.663555384 10.19386 -5.78068 -1.41184 0.79386 -0.09292 0.59670 0.07145
1403636677.763555527 10.26109 -5.77071 -1.41826 0.79811 -0.08104 0.59482 0.05133
1403636677.863555431 10.31870 -5.75995 -1.41164 0.80635 -0.06989 0.58679 0.02450
1403636677.963555574 10.37036 -5.75122 -1.40136 0.81351 -0.05442 0.57900 0.00050
1403636678.063555479 10.41885 -5.74832 -1.39075 0.81733 -0.03362 0.57502 -0.01408
1403636678.163555384 10.46608 -5.75115 -1.38571 0.81720 -0.01139 0.57600 -0.01673
1403636678.263555527 10.51038 -5.75739 -1.38487 0.81726 0.00830 0.57598 -0.01611
1403636678.363555431 10.55557 -5.76418 -1.38346 0.81638 0.02317 0.57653 -0.02449
1403636678.463555574 10.60026 -5.77058 -1.37674 0.81688 0.03778 0.57451 -0.03491
1403636678.563555479 10.64371 -5.77675 -1.36353 0.81654 0.05375 0.57296 -0.04564
1403636678.663555384 10.68540 -5.78253 -1.34635 0.81424 0.07526 0.57290 -0.05609
1403636678.763555527 10.72606 -5.78787 -1.33315 0.81075 0.10496 0.57284 -0.05931
1403636678.863555431 10.76497 -5.79038 -1.32722 0.80722 0.13557 0.57135 -0.05980
1403636678.963555574 10.80276 -5.78736 -1.32775 0.80358 0.16041 0.56975 -0.06257
1403636679.063555479 10.83668 -5.77662 -1.33239 0.79921 0.17687 0.56931 -0.07660
1403636679.163555384 10.86591 -5.75867 -1.34199 0.79386 0.18872 0.56959 -0.09870
1403636679.263555527 10.89144 -5.73515 -1.35361 0.78698 0.19796 0.57008 -0.12837
1403636679.363555431 10.91294 -5.70975 -1.36038 0.78071 0.21177 0.56761 -0.15320
1403636679.463555574 10.93026 -5.68575 -1.35942 0.77528 0.22953 0.56280 -0.17179
1403636679.563555479 10.94407 -5.66423 -1.35178 0.77106 0.24728 0.55694 -0.18475
1403636679.663555384 10.95532 -5.64588 -1.33761 0.76916 0.25984 0.55060 -0.19419
1403636679.763555527 10.96152 -5.63245 -1.31848 0.76684 0.27036 0.54762 -0.19742
1403636679.863555431 10.96792 -5.62180 -1.29090 0.76044 0.27578 0.55301 -0.19964
1403636679.963555574 10.97427 -5.61104 -1.25649 0.75455 0.28187 0.55947 -0.19546
1403636680.063555479 10.97479 -5.60159 -1.21657 0.75072 0.29002 0.56464 -0.18301
1403636680.163555384 10.96736 -5.59182 -1.17665 0.74756 0.29616 0.56924 -0.17147
1403636680.463555574 10.89307 -5.54382 -1.09183 0.74925 0.30044 0.57016 -0.15257
1403636680.763555527 10.73985 -5.44773 -1.05630 0.76077 0.28549 0.56003 -0.16154
1403636680.863555431 10.67571 -5.40468 -1.05325 0.76755 0.27272 0.55223 -0.17760
1403636680.963555574 10.61017 -5.36092 -1.05574 0.77788 0.26299 0.53823 -0.18989
1403636681.063555479 10.54583 -5.31773 -1.06511 0.78722 0.26337 0.52498 -0.18796
1403636681.163555384 10.48631 -5.27435 -1.07683 0.79000 0.26654 0.52093 -0.18301
1403636681.263555527 10.43311 -5.22817 -1.08680 0.78061 0.27071 0.53438 -0.17833
1403636681.363555431 10.38203 -5.17942 -1.09277 0.77247 0.27054 0.54578 -0.17951
1403636681.463555574 10.33077 -5.12922 -1.09188 0.76807 0.26815 0.55138 -0.18479
1403636681.563555479 10.27811 -5.07945 -1.08659 0.76658 0.26832 0.55253 -0.18729
1403636681.763555527 10.16784 -4.98232 -1.08253 0.76425 0.27402 0.55401 -0.18411
1403636681.963555574 10.05003 -4.88412 -1.08165 0.76239 0.27536 0.55461 -0.18799
1403636682.063555479 9.98991 -4.83338 -1.07030 0.76284 0.27469 0.55318 -0.19137
1403636682.263555527 9.85944 -4.73776 -1.03608 0.76732 0.27396 0.54607 -0.19489
1403636682.363555431 9.79573 -4.69061 -1.02677 0.77436 0.27488 0.53625 -0.19298
1403636682.563555479 9.67185 -4.59452 -1.01891 0.77075 0.27349 0.54313 -0.19012
1403636682.763555527 9.55153 -4.49796 -1.02189 0.76485 0.26914 0.55337 -0.19067
1403636682.963555574 9.42511 -4.40404 -1.00721 0.76233 0.26956 0.55892 -0.18382
1403636683.163555384 9.28552 -4.31225 -0.98731 0.76265 0.27045 0.55838 -0.18284
1403636683.263555527 9.21117 -4.26608 -0.98745 0.76435 0.26964 0.55545 -0.18585
1403636683.363555431 9.13517 -4.22138 -0.99180 0.76500 0.26939 0.55352 -0.18928
1403636683.463555574 9.05972 -4.17873 -1.00064 0.76536 0.26986 0.55183 -0.19203
1403636683.663555384 8.90931 -4.09499 -1.02982 0.76693 0.27188 0.54809 -0.19364
1403636683.763555527 8.83598 -4.05733 -1.04705 0.76987 0.27251 0.54324 -0.19476
1403636683.863555431 8.76113 -4.01886 -1.05670 0.77287 0.27347 0.53793 -0.19628
1403636684.063555479 8.61665 -3.93664 -1.05146 0.76978 0.27579 0.54042 -0.19830
1403636684.163555384 8.54433 -3.89659 -1.03800 0.76764 0.27723 0.54220 -0.19975
1403636684.263555527 8.47141 -3.85734 -1.01835 0.76554 0.27761 0.54390 -0.20261
1403636684.363555431 8.40021 -3.82029 -0.99772 0.76269 0.27857 0.54687 -0.20404
1403636684.563555479 8.25896 -3.75115 -0.97564 0.76088 0.27645 0.54779 -0.21109
1403636684.763555527 8.11874 -3.69714 -0.97951 0.75945 0.27544 0.54886 -0.21476
1403636684.963555574 7.97893 -3.65876 -1.00506 0.75809 0.28137 0.55102 -0.20619
1403636685.163555384 7.83381 -3.62689 -1.01760 0.76137 0.28388 0.54817 -0.19808
1403636685.363555431 7.68039 -3.59649 -1.00584 0.76503 0.28607 0.54604 -0.18637
1403636685.563555479 7.52682 -3.55888 -0.99884 0.76770 0.27991 0.54481 -0.18833
1403636685.863555431 7.29176 -3.49043 -1.02075 0.76436 0.28057 0.55056 -0.18417
1403636685.963555574 7.21235 -3.46621 -1.03868 0.76579 0.27859 0.54840 -0.18765
1403636686.063555479 7.13162 -3.44247 -1.05561 0.76917 0.27614 0.54334 -0.19212
1403636686.263555527 6.97466 -3.39184 -1.06500 0.77205 0.27321 0.53946 -0.19564
1403636686.463555574 6.82364 -3.34185 -1.05127 0.77505 0.27247 0.53542 -0.19591
1403636686.663555384 6.68419 -3.29289 -1.05216 0.77558 0.27436 0.53419 -0.19453
1403636686.863555431 6.55428 -3.24201 -1.06380 0.77257 0.27361 0.53777 -0.19768
1403636687.063555479 6.42924 -3.19249 -1.05262 0.77061 0.27187 0.53993 -0.20180
1403636687.263555527 6.31165 -3.14462 -1.02727 0.76895 0.27263 0.54173 -0.20229
1403636687.463555574 6.19946 -3.10309 -1.02320 0.76566 0.27403 0.54581 -0.20191
1403636687.663555384 6.09694 -3.06684 -1.04726 0.76486 0.27279 0.54604 -0.20594
1403636687.863555431 5.99888 -3.04156 -1.09781 0.76446 0.27298 0.54583 -0.20774
1403636688.063555479 5.90382 -3.02313 -1.16609 0.76297 0.27923 0.54767 -0.19991
1403636688.263555527 5.81087 -3.00753 -1.22333 0.76258 0.28076 0.54805 -0.19822
1403636688.363555431 5.76005 -2.99707 -1.24342 0.76409 0.27834 0.54572 -0.20220
1403636688.563555479 5.65457 -2.97748 -1.29015 0.76401 0.28359 0.54588 -0.19461
1403636688.763555527 5.54774 -2.95336 -1.35200 0.76230 0.29139 0.54689 -0.18682
1403636688.863555431 5.49259 -2.93779 -1.38243 0.76247 0.29332 0.54463 -0.18968
1403636688.963555574 5.43508 -2.91795 -1.40541 0.76309 0.29652 0.53962 -0.19644
1403636689.063555479 5.37564 -2.89424 -1.41960 0.76360 0.29919 0.53468 -0.20375
1403636689.163555384 5.31751 -2.86826 -1.42628 0.76451 0.30165 0.52913 -0.21105
1403636689.263555527 5.26064 -2.84167 -1.42603 0.76460 0.30515 0.52527 -0.21533
1403636689.363555431 5.20708 -2.81357 -1.41756 0.76416 0.30814 0.52296 -0.21820
1403636689.463555574 5.15892 -2.78393 -1.39985 0.76294 0.31037 0.52251 -0.22037
1403636689.563555479 5.11280 -2.75484 -1.37423 0.76391 0.31172 0.51966 -0.22188
1403636689.663555384 5.06833 -2.72677 -1.34486 0.76736 0.31118 0.51400 -0.22391
1403636689.763555527 5.02929 -2.69696 -1.31986 0.77365 0.30717 0.50486 -0.22854
1403636689.863555431 4.99803 -2.66522 -1.29895 0.77640 0.30221 0.50127 -0.23366
1403636689.963555574 4.97673 -2.63249 -1.28186 0.77647 0.29434 0.50188 -0.24202
1403636690.263555527 4.96564 -2.54581 -1.24822 0.77462 0.30286 0.50818 -0.22359
1403636690.463555574 4.99494 -2.48184 -1.21115 0.77275 0.30403 0.51185 -0.22007
1403636690.563555479 5.01781 -2.44637 -1.19588 0.77233 0.29900 0.51249 -0.22685
1403636690.663555384 5.04395 -2.41039 -1.18593 0.77366 0.29147 0.51036 -0.23669
1403636690.763555527 5.07568 -2.37620 -1.18571 0.77309 0.27903 0.51013 -0.25346
1403636690.863555431 5.11211 -2.34863 -1.19927 0.77002 0.26972 0.51330 -0.26616
1403636690.963555574 5.15547 -2.33086 -1.21748 0.76224 0.26213 0.52310 -0.27686
1403636691.063555479 5.20632 -2.32591 -1.22905 0.75150 0.25692 0.53672 -0.28492
1403636691.163555384 5.26081 -2.33799 -1.23120 0.74276 0.25896 0.54819 -0.28414
1403636691.263555527 5.31577 -2.36706 -1.22451 0.73396 0.27072 0.56145 -0.26980
1403636691.363555431 5.36635 -2.41125 -1.21298 0.73076 0.28390 0.56649 -0.25391
1403636691.463555574 5.41217 -2.46422 -1.19655 0.73874 0.29337 0.55499 -0.24533
1403636691.563555479 5.45462 -2.52308 -1.17047 0.74585 0.29809 0.54375 -0.24329
1403636691.663555384 5.49750 -2.58523 -1.13563 0.74853 0.30558 0.53899 -0.23625
1403636691.763555527 5.53995 -2.64983 -1.10110 0.74838 0.31425 0.53857 -0.22609
1403636691.863555431 5.57889 -2.71469 -1.07430 0.74940 0.31520 0.53659 -0.22612
1403636691.963555574 5.61526 -2.77953 -1.05404 0.74772 0.31120 0.53863 -0.23226
1403636692.063555479 5.64907 -2.84504 -1.03710 0.74573 0.30755 0.54135 -0.23713
1403636692.163555384 5.68148 -2.91159 -1.01846 0.74534 0.31118 0.54265 -0.23058
1403636692.263555527 5.71048 -2.97822 -0.99424 0.74655 0.31363 0.54155 -0.22589
1403636692.463555574 5.75898 -3.11202 -0.92037 0.74988 0.31265 0.53819 -0.22424
1403636692.563555479 5.77981 -3.17790 -0.87432 0.74949 0.31440 0.53973 -0.21937
1403636692.763555527 5.81490 -3.30213 -0.77069 0.75246 0.31820 0.53734 -0.20932
1403636692.863555431 5.82808 -3.35754 -0.72352 0.75330 0.32731 0.53654 -0.19372
1403636693.063555479 5.84651 -3.44980 -0.64199 0.75607 0.32639 0.53277 -0.19490
1403636693.363555431 5.85953 -3.54794 -0.55886 0.76454 0.31907 0.51906 -0.21035
1403636693.563555479 5.87242 -3.59236 -0.52773 0.77666 0.31890 0.49977 -0.21291
1403636693.863555431 5.93297 -3.61484 -0.49924 0.76933 0.31860 0.50939 -0.21711
1403636693.963555574 5.96233 -3.61162 -0.49362 0.76037 0.31567 0.52228 -0.22229
1403636694.063555479 5.99300 -3.60631 -0.49143 0.75241 0.31283 0.53320 -0.22741
1403636694.263555527 6.05141 -3.59877 -0.48641 0.74791 0.31273 0.53873 -0.22935
1403636694.563555479 6.12821 -3.59298 -0.45521 0.75497 0.31549 0.52876 -0.22559
1403636694.963555574 6.22306 -3.58499 -0.47726 0.75736 0.30223 0.52775 -0.23779
1403636695.163555384 6.27368 -3.58915 -0.49839 0.75862 0.30329 0.52812 -0.23152
1403636695.363555431 6.32923 -3.59741 -0.49191 0.75661 0.30569 0.53382 -0.22166
1403636695.563555479 6.37979 -3.60707 -0.46911 0.75491 0.30656 0.53794 -0.21623
1403636695.863555431 6.44236 -3.61627 -0.46181 0.75556 0.30488 0.53902 -0.21363
1403636696.063555479 6.48017 -3.62222 -0.48377 0.76185 0.30351 0.53130 -0.21259
1403636696.263555527 6.51592 -3.62091 -0.51313 0.76304 0.30840 0.53073 -0.20248
1403636696.363555431 6.53351 -3.61648 -0.52863 0.75701 0.30498 0.53962 -0.20673
1403636698.163555384 6.24074 -3.42141 -0.43943 0.78758 0.22656 0.55238 -0.15255
1403636700.463555574 5.65591 -2.96342 -0.73456 0.80386 -0.16867 0.56458 0.08128
1403636704.463555574 5.65335 -4.24828 -1.40276 0.78206 -0.27004 0.53257 0.17844
1403636705.963555574 6.41208 -4.99670 -1.57641 0.77618 -0.26500 0.54498 0.17411
1403636706.063555479 6.49003 -5.04898 -1.58055 0.77110 -0.27110 0.55261 0.16286
1403636706.163555384 6.56509 -5.10417 -1.58151 0.76815 -0.27105 0.55732 0.16082
1403636706.363555431 6.70084 -5.21685 -1.60268 0.77576 -0.25537 0.54869 0.17868
1403636706.563555479 6.83012 -5.32258 -1.63939 0.78270 -0.24909 0.53924 0.18586
1403636706.763555527 6.96659 -5.42040 -1.65233 0.78643 -0.25135 0.53328 0.18430
1403636706.963555574 7.11717 -5.51662 -1.64609 0.78825 -0.25561 0.52830 0.18498
1403636707.063555479 7.19724 -5.56427 -1.64061 0.78462 -0.25644 0.53231 0.18776
1403636707.263555527 7.36651 -5.65661 -1.62506 0.78188 -0.26089 0.53258 0.19226
1403636707.463555574 7.54713 -5.74304 -1.58574 0.78285 -0.26397 0.52846 0.19541
1403636707.663555384 7.74051 -5.82460 -1.52503 0.78216 -0.27263 0.52868 0.18547
1403636707.763555527 7.83663 -5.86466 -1.50708 0.78172 -0.27696 0.52954 0.17831
1403636707.863555431 7.93443 -5.90687 -1.49984 0.78008 -0.27746 0.53241 0.17614
1403636707.963555574 8.03187 -5.95087 -1.50369 0.77858 -0.27503 0.53586 0.17613
1403636708.063555479 8.12782 -5.99490 -1.51691 0.77825 -0.27024 0.53800 0.17848
1403636708.163555384 8.21994 -6.03775 -1.53692 0.77760 -0.26474 0.54067 0.18144
1403636708.263555527 8.31202 -6.08080 -1.56198 0.77553 -0.26483 0.54485 0.17765
1403636708.363555431 8.40143 -6.12435 -1.59005 0.77045 -0.27124 0.55246 0.16618
1403636708.463555574 8.48852 -6.17165 -1.61458 0.76646 -0.27618 0.55807 0.15755
1403636708.663555384 8.65660 -6.28166 -1.64064 0.76627 -0.26973 0.55839 0.16816
1403636708.763555527 8.72965 -6.33771 -1.65527 0.76776 -0.26099 0.55576 0.18318
1403636708.863555431 8.79920 -6.39098 -1.67485 0.76794 -0.25614 0.55416 0.19383
1403636709.063555479 8.93585 -6.48364 -1.70432 0.76254 -0.25587 0.55728 0.20615
1403636709.263555527 9.06286 -6.54836 -1.70713 0.76484 -0.26131 0.55055 0.20888
1403636709.563555479 9.24984 -6.60304 -1.70605 0.77134 -0.26371 0.54060 0.20798
1403636709.763555527 9.38252 -6.62072 -1.73223 0.77407 -0.26274 0.53807 0.20559
1403636709.963555574 9.52645 -6.62475 -1.74943 0.77410 -0.25909 0.54010 0.20479
1403636710.163555384 9.67706 -6.61353 -1.75008 0.77409 -0.25551 0.54265 0.20256
1403636710.263555527 9.75502 -6.60345 -1.75923 0.77401 -0.25400 0.54454 0.19969
1403636710.363555431 9.83199 -6.58835 -1.77669 0.77168 -0.25880 0.55039 0.18604
1403636710.463555574 9.91040 -6.57103 -1.79941 0.77172 -0.25952 0.55510 0.17021
1403636710.563555479 9.98510 -6.55371 -1.82573 0.77331 -0.25481 0.55932 0.15564
1403636710.663555384 10.05761 -6.53887 -1.85638 0.77563 -0.24552 0.56300 0.14545
1403636710.763555527 10.12406 -6.52795 -1.88814 0.77903 -0.23044 0.56649 0.13823
1403636710.863555431 10.18689 -6.51870 -1.91472 0.78479 -0.20791 0.56768 0.13646
1403636710.963555574 10.24655 -6.50941 -1.93509 0.79024 -0.18645 0.56824 0.13360
1403636711.063555479 10.30337 -6.49867 -1.94886 0.79497 -0.16889 0.56742 0.13242
1403636711.163555384 10.35888 -6.48781 -1.95644 0.79668 -0.15697 0.56848 0.13221
1403636711.263555527 10.41281 -6.46595 -1.96499 0.79718 -0.15074 0.56975 0.13098
1403636711.363555431 10.46394 -6.44218 -1.96932 0.79564 -0.15087 0.57311 0.12548
1403636711.463555574 10.51213 -6.41439 -1.96670 0.78790 -0.15211 0.58404 0.12237
1403636711.563555479 10.55542 -6.38288 -1.96148 0.78067 -0.15143 0.59321 0.12542
1403636711.963555574 10.67151 -6.20998 -1.92788 0.78541 -0.16623 0.58432 0.11862
1403636712.063555479 10.67981 -6.15839 -1.91177 0.78690 -0.17498 0.58183 0.10793
1403636712.263555527 10.69052 -6.06259 -1.86482 0.78828 -0.16573 0.58264 0.10811
1403636712.363555431 10.68926 -6.01629 -1.83483 0.79041 -0.14759 0.58420 0.11035
1403636712.463555574 10.68535 -5.96805 -1.80120 0.79145 -0.13230 0.58669 0.10906
1403636712.563555479 10.67969 -5.91548 -1.76452 0.79204 -0.12106 0.58922 0.10409
1403636712.663555384 10.66788 -5.85708 -1.72980 0.78931 -0.11420 0.59562 0.09588
1403636712.763555527 10.65313 -5.80040 -1.70241 0.78742 -0.10967 0.60011 0.08835
1403636712.863555431 10.63110 -5.74204 -1.67795 0.78962 -0.10703 0.59836 0.08370
1403636713.063555479 10.57243 -5.61711 -1.64723 0.79438 -0.10422 0.59275 0.08217
1403636713.263555527 10.49197 -5.48596 -1.60830 0.79752 -0.10581 0.58908 0.07589
1403636713.463555574 10.40208 -5.35391 -1.51625 0.80005 -0.10900 0.58539 0.07314
1403636713.663555384 10.30207 -5.22882 -1.43304 0.80213 -0.11803 0.58178 0.06478
1403636713.863555431 10.19535 -5.11441 -1.37168 0.80314 -0.12608 0.57922 0.05982
1403636717.763555527 8.46159 -4.49873 -1.14263 0.80781 0.10278 0.57811 -0.05155
1403636720.363555431 7.05277 -3.73466 -1.38012 0.79380 0.19677 0.55508 -0.15186
1403636724.463555574 5.54651 -3.83395 -1.43688 0.82029 -0.00860 0.57187 0.00249
1403636724.563555479 5.51405 -3.83057 -1.43638 0.81702 -0.01821 0.57621 0.01114
1403636724.763555527 5.45396 -3.81734 -1.41419 0.81630 -0.02948 0.57654 0.01951
1403636725.163555384 5.34576 -3.77966 -1.28276 0.81916 -0.03640 0.57238 0.00604
1403636725.663555384 5.24173 -3.75798 -1.13782 0.81912 -0.02884 0.57272 0.01408
1403636726.363555431 5.12077 -3.73392 -1.14296 0.81650 -0.02382 0.57675 0.01113
1403636726.663555384 5.07593 -3.72205 -1.11565 0.81219 -0.03579 0.58213 -0.01376
1403636726.963555574 5.02447 -3.73791 -1.03260 0.81144 -0.01704 0.58418 0.00048
1403636727.363555431 4.94098 -3.76767 -0.91211 0.81378 -0.00072 0.58105 0.01195
1403636727.863555431 4.80778 -3.75068 -0.78135 0.81294 -0.00005 0.58221 0.01292
1403636728.263555527 4.67559 -3.68661 -0.66374 0.81060 -0.00446 0.58552 0.00886
1403636728.463555574 4.59391 -3.64154 -0.63355 0.81093 -0.01193 0.58502 -0.00068
1403636728.663555384 4.51539 -3.59853 -0.62641 0.81164 -0.01318 0.58389 -0.01184
1403636728.763555527 4.47322 -3.57927 -0.61667 0.81162 0.00159 0.58410 -0.01028
1403636728.863555431 4.42546 -3.56094 -0.60117 0.81151 0.01829 0.58392 -0.01274
1403636728.963555574 4.38431 -3.54222 -0.58438 0.80978 0.03085 0.58566 -0.01755
1403636729.063555479 4.34326 -3.52325 -0.57104 0.80758 0.04019 0.58797 -0.02217
1403636729.263555527 4.25374 -3.48414 -0.56394 0.80853 0.04905 0.58560 -0.03081
1403636729.463555574 4.15740 -3.44054 -0.57049 0.80793 0.05190 0.58602 -0.03354
1403636729.763555527 3.99482 -3.36940 -0.53863 0.81018 0.05128 0.58286 -0.03538
1403636729.963555574 3.88288 -3.32042 -0.51784 0.81522 0.04994 0.57595 -0.03478
1403636730.263555527 3.72080 -3.24403 -0.52067 0.81764 0.05020 0.57239 -0.03619
1403636730.463555574 3.62114 -3.19413 -0.53798 0.82048 0.05024 0.56818 -0.03831
1403636730.563555479 3.57602 -3.16927 -0.53928 0.82502 0.05102 0.56152 -0.03778
1403636730.763555527 3.49902 -3.11601 -0.51760 0.82870 0.05123 0.55603 -0.03825
1403636730.963555574 3.43556 -3.06006 -0.47275 0.82930 0.04479 0.55501 -0.04710
1403636731.063555479 3.40971 -3.03392 -0.45576 0.82574 0.03666 0.55993 -0.05732
1403636731.163555384 3.39147 -3.01279 -0.44212 0.81911 0.03191 0.56933 -0.06247
1403636731.363555431 3.36321 -2.98759 -0.43063 0.81321 0.03928 0.57857 -0.04895
1403636732.063555479 3.27660 -2.98605 -0.53131 0.81235 0.04504 0.57977 -0.04388
1403636732.463555574 3.21544 -3.01274 -0.61656 0.80746 0.05590 0.58641 -0.03192
1403636732.563555479 3.19224 -3.01793 -0.61946 0.80322 0.06474 0.59181 -0.01997
1403636732.863555431 3.08710 -3.00331 -0.59730 0.79865 0.05941 0.59803 -0.03156
1403636733.063555479 2.99547 -2.97940 -0.58896 0.80401 0.05902 0.59070 -0.03417
1403636733.363555431 2.83705 -2.93029 -0.54567 0.80921 0.06093 0.58329 -0.03515
1403636733.563555479 2.72976 -2.88931 -0.49634 0.81416 0.05853 0.57630 -0.04005
1403636733.863555431 2.56616 -2.81832 -0.44106 0.81817 0.05952 0.57044 -0.04065
1403636734.063555479 2.46258 -2.77251 -0.43384 0.81268 0.06246 0.57826 -0.03569
1403636734.363555431 2.30382 -2.69254 -0.41642 0.81237 0.05841 0.57864 -0.04259
1403636734.563555479 2.19960 -2.63651 -0.37565 0.81661 0.05878 0.57236 -0.04577
1403636734.863555431 2.04161 -2.56133 -0.35177 0.81934 0.06324 0.56794 -0.04619
1403636735.163555384 1.90758 -2.48594 -0.36991 0.81919 0.06243 0.56796 -0.04959
1403636735.663555384 1.74082 -2.36417 -0.28004 0.81863 0.05089 0.57030 -0.04473
1403636736.163555384 1.62247 -2.25964 -0.17930 0.81415 0.06081 0.57526 -0.05037
1403636736.263555527 1.60057 -2.24037 -0.15839 0.81172 0.07104 0.57678 -0.05821
1403636736.363555431 1.58321 -2.22246 -0.13682 0.81036 0.08078 0.57691 -0.06287
1403636736.563555479 1.54580 -2.18553 -0.10538 0.80735 0.09936 0.57853 -0.06007
1403636736.863555431 1.47745 -2.11552 -0.09550 0.80485 0.10866 0.58034 -0.06014
1403636737.063555479 1.42348 -2.05442 -0.10967 0.80575 0.10744 0.57822 -0.06990
1403636737.263555527 1.36210 -1.98853 -0.13523 0.80606 0.10638 0.57650 -0.08117
1403636737.463555574 1.29419 -1.92122 -0.15844 0.81066 0.11062 0.56886 -0.08364
1403636737.663555384 1.23243 -1.85632 -0.15113 0.81390 0.10926 0.56348 -0.09009
1403636737.863555431 1.18376 -1.80122 -0.12005 0.81634 0.10336 0.55978 -0.09770
1403636738.163555384 1.14469 -1.75733 -0.01939 0.81485 0.10295 0.56298 -0.09202
1403636738.563555479 1.12543 -1.71619 0.07383 0.81787 0.09221 0.56217 -0.08091
1403636738.663555384 1.14666 -1.71439 0.07496 0.82056 0.07936 0.56118 -0.07383
1403636738.763555527 1.15806 -1.71934 0.06867 0.82032 0.06134 0.56489 -0.06497
1403636738.863555431 1.17127 -1.71899 0.05497 0.81848 0.03884 0.57047 -0.05599
1403636738.963555574 1.18115 -1.72554 0.03740 0.81780 0.01411 0.57351 -0.04569
1403636739.063555479 1.19143 -1.73748 0.01352 0.81718 -0.01306 0.57519 -0.03483
1403636739.163555384 1.19866 -1.75892 -0.01695 0.81699 -0.03470 0.57543 -0.01417
1403636739.263555527 1.21564 -1.76990 -0.04764 0.81583 -0.05465 0.57562 0.01005
1403636739.363555431 1.21630 -1.79684 -0.08034 0.81415 -0.07219 0.57498 0.03670
1403636739.463555574 1.21872 -1.82032 -0.10509 0.81233 -0.09067 0.57311 0.05858
1403636739.563555479 1.22286 -1.83340 -0.13054 0.80949 -0.11169 0.57193 0.07173
1403636739.663555384 1.23456 -1.86230 -0.12970 0.80786 -0.12716 0.56988 0.08022
1403636739.763555527 1.23901 -1.88449 -0.14554 0.80590 -0.13807 0.56963 0.08354
1403636739.963555574 1.25428 -1.92540 -0.17379 0.80471 -0.14593 0.56887 0.08682
1403636740.263555527 1.27232 -1.98997 -0.24582 0.80625 -0.13187 0.56814 0.09889
1403636740.663555384 1.27801 -2.05830 -0.37229 0.80380 -0.13156 0.57441 0.08157
1403636743.963555574 1.52776 -2.45981 -1.24875 0.80013 -0.16143 0.56743 0.10843
1403636747.363555431 2.12208 -2.72071 -1.91346 0.79616 -0.18284 0.56149 0.13200
1403636751.363555431 2.42992 -2.45320 -0.64300 0.80218 -0.19019 0.55138 0.12769
1403636751.563555479 2.41212 -2.40735 -0.54960 0.79324 -0.19843 0.56406 0.11505
1403636751.763555527 2.39425 -2.37495 -0.46754 0.79797 -0.19507 0.56122 0.10109
1403636751.963555574 2.37740 -2.36460 -0.39530 0.80887 -0.18338 0.54879 0.10459
1403636752.163555384 2.37637 -2.37356 -0.33211 0.80702 -0.17355 0.55339 0.11119
1403636752.263555527 2.38467 -2.38324 -0.31081 0.80280 -0.16628 0.56213 0.10894
1403636752.363555431 2.39335 -2.39045 -0.28176 0.79891 -0.15538 0.57188 0.10276
1403636752.463555574 2.40221 -2.39745 -0.24789 0.79980 -0.14127 0.57601 0.09261
1403636752.563555479 2.40993 -2.40413 -0.21002 0.80346 -0.12373 0.57660 0.08171
1403636752.663555384 2.41601 -2.41107 -0.17784 0.80836 -0.10504 0.57503 0.06972
1403636752.763555527 2.42103 -2.41785 -0.15113 0.81132 -0.08642 0.57545 0.05615
1403636752.863555431 2.42425 -2.42378 -0.13122 0.81460 -0.06521 0.57460 0.04479
1403636752.963555574 2.42607 -2.42843 -0.11700 0.81572 -0.04097 0.57586 0.03616
1403636753.063555479 2.42737 -2.43038 -0.10954 0.81729 -0.01681 0.57539 0.02595
1403636753.163555384 2.42827 -2.42894 -0.10878 0.81794 0.00678 0.57512 0.01321
1403636753.263555527 2.42906 -2.42393 -0.11375 0.81779 0.03119 0.57468 0.00104
1403636753.363555431 2.42980 -2.41409 -0.12458 0.81571 0.05464 0.57579 -0.00992
1403636753.463555574 2.42931 -2.39995 -0.13502 0.81384 0.06661 0.57671 -0.02520
1403636753.563555479 2.42731 -2.38180 -0.14173 0.81291 0.07171 0.57668 -0.03824
1403636753.663555384 2.42153 -2.36304 -0.13638 0.81142 0.07402 0.57796 -0.04571
1403636754.163555384 2.37706 -2.25347 -0.12394 0.80457 0.06815 0.58834 -0.04338
1403636754.563555479 2.29662 -2.13848 -0.06222 0.80362 0.07617 0.58888 -0.04024
1403636754.663555384 2.26839 -2.10324 -0.05297 0.80386 0.08707 0.58655 -0.04668
1403636754.763555527 2.23586 -2.06496 -0.04805 0.80287 0.09973 0.58494 -0.05746
1403636754.863555431 2.20115 -2.02672 -0.04832 0.80152 0.11202 0.58348 -0.06757
1403636758.463555574 0.29959 -0.12413 0.24332 0.80491 0.16112 0.55679 -0.12709
1403636761.563555479 -0.10950 0.34110 -0.17207 0.80004 0.17303 0.56170 -0.12035
